I:\Anaconda\python.exe "I:\pycharmP\PyCharm 2021.1.2\plugins\python\helpers\pydev\pydevconsole.py" --mode=client --port=52497
import sys; print('Python %s on %s' % (sys.version, sys.platform))
sys.path.extend(['F:\\科研实验\\Attack\\s4_Dog data_1', 'F:/科研实验/Attack/s4_Dog data_1'])
Python 3.8.5 (default, Sep  3 2020, 21:29:08) [MSC v.1916 64 bit (AMD64)]
Type 'copyright', 'credits' or 'license' for more information
IPython 7.19.0 -- An enhanced Interactive Python. Type '?' for help.
PyDev console: using IPython 7.19.0
Python 3.8.5 (default, Sep  3 2020, 21:29:08) [MSC v.1916 64 bit (AMD64)] on win32
runfile('F:/科研实验/Attack/s4_Dog data_1/baseline/CP/utils/CP_detect_55.py', wdir='F:/科研实验/Attack/s4_Dog data_1/baseline/CP/utils')
FC: collusion_P= 0.8 KCDN_percentage= 55 epoch 0
预测串谋工人： [1, 3, 4, 6, 9, 13, 15, 16, 17, 18, 19, 20, 22, 24, 25, 26, 27, 28, 29, 30, 31, 34, 35, 37, 38, 39, 40, 42, 43, 44, 45, 46, 47, 48, 50, 51, 52, 53, 56, 58, 65, 66, 67, 68, 70, 71, 76, 79, 83, 85, 91, 97, 101, 105, 107]
评价窗口1 ： acc pre recall....
TP： 2911 / 4032
FN= 1121 / 4032
FP= 2843 / 4038
TN= 1195 / 4038
Accuracy= 0.5087980173482032
Precsion= 0.5059089329162322
Recall= 0.7219742063492064
f1_score= 0.5949315348456979
------------------------------------------
FC: collusion_P= 0.8 KCDN_percentage= 55 epoch 1
预测串谋工人： [2, 3, 5, 6, 7, 8, 9, 12, 13, 16, 17, 22, 23, 26, 29, 30, 31, 32, 33, 35, 36, 37, 38, 40, 42, 43, 44, 47, 48, 49, 50, 51, 54, 55, 57, 59, 60, 61, 63, 67, 68, 69, 71, 72, 76, 77, 80, 83, 84, 87, 90, 93, 94, 102, 107]
评价窗口1 ： acc pre recall....
TP： 1535 / 3743
FN= 2208 / 3743
FP= 3601 / 4327
TN= 726 / 4327
Accuracy= 0.2801734820322181
Precsion= 0.2988707165109034
Recall= 0.4100988511888859
f1_score= 0.3457596576191012
------------------------------------------
FC: collusion_P= 0.8 KCDN_percentage= 55 epoch 2
预测串谋工人： [1, 4, 5, 10, 13, 15, 16, 17, 20, 21, 22, 25, 27, 28, 29, 30, 32, 34, 35, 37, 38, 39, 40, 41, 42, 43, 44, 45, 46, 47, 51, 53, 54, 56, 58, 59, 60, 61, 63, 65, 66, 71, 72, 73, 78, 81, 83, 85, 91, 93, 96, 99, 101, 102, 106]
评价窗口1 ： acc pre recall....
TP： 2313 / 3549
FN= 1236 / 3549
FP= 3120 / 4521
TN= 1401 / 4521
Accuracy= 0.46022304832713756
Precsion= 0.42573163997791275
Recall= 0.6517328825021133
f1_score= 0.5150300601202404
------------------------------------------
FC: collusion_P= 0.8 KCDN_percentage= 55 epoch 3
预测串谋工人： [2, 3, 7, 8, 9, 12, 13, 14, 15, 16, 17, 18, 19, 20, 23, 24, 25, 26, 29, 30, 31, 32, 34, 35, 38, 40, 47, 48, 49, 52, 57, 58, 59, 60, 63, 65, 66, 69, 70, 71, 73, 75, 76, 77, 78, 84, 88, 90, 91, 94, 95, 99, 101, 102, 107]
评价窗口1 ： acc pre recall....
TP： 1607 / 3670
FN= 2063 / 3670
FP= 3348 / 4400
TN= 1052 / 4400
Accuracy= 0.3294919454770756
Precsion= 0.3243188698284561
Recall= 0.437874659400545
f1_score= 0.3726376811594203
------------------------------------------
FC: collusion_P= 0.8 KCDN_percentage= 55 epoch 4
预测串谋工人： [1, 2, 3, 5, 6, 7, 9, 10, 11, 13, 14, 15, 17, 18, 20, 24, 25, 29, 31, 34, 35, 36, 37, 39, 41, 44, 46, 47, 48, 50, 51, 53, 54, 55, 56, 57, 58, 59, 60, 70, 76, 78, 79, 80, 83, 84, 85, 87, 88, 93, 95, 99, 101, 102, 107]
评价窗口1 ： acc pre recall....
TP： 1781 / 3504
FN= 1723 / 3504
FP= 3452 / 4566
TN= 1114 / 4566
Accuracy= 0.3587360594795539
Precsion= 0.3403401490540799
Recall= 0.5082762557077626
f1_score= 0.4076914272633627
------------------------------------------
FC: collusion_P= 0.8 KCDN_percentage= 55 epoch 5
预测串谋工人： [1, 2, 3, 8, 9, 10, 12, 13, 16, 17, 20, 22, 24, 25, 26, 30, 31, 34, 36, 37, 39, 40, 43, 46, 47, 48, 50, 52, 53, 54, 58, 61, 63, 67, 68, 69, 73, 74, 75, 76, 78, 81, 83, 85, 87, 88, 90, 91, 93, 96, 97, 99, 101, 107, 109]
评价窗口1 ： acc pre recall....
TP： 1330 / 3713
FN= 2383 / 3713
FP= 3973 / 4357
TN= 384 / 4357
Accuracy= 0.2123915737298637
Precsion= 0.2508014331510466
Recall= 0.358200915701589
f1_score= 0.2950310559006211
------------------------------------------
FC: collusion_P= 0.8 KCDN_percentage= 55 epoch 6
预测串谋工人： [3, 4, 5, 9, 12, 13, 14, 15, 16, 17, 18, 19, 20, 21, 23, 31, 34, 35, 36, 37, 39, 40, 41, 42, 43, 45, 49, 51, 52, 54, 56, 59, 60, 63, 65, 66, 67, 69, 70, 71, 73, 75, 78, 81, 83, 84, 88, 93, 94, 95, 99, 101, 102, 106, 107]
评价窗口1 ： acc pre recall....
TP： 1136 / 2853
FN= 1717 / 2853
FP= 4317 / 5217
TN= 900 / 5217
Accuracy= 0.2522924411400248
Precsion= 0.2083256922794792
Recall= 0.39817735716789343
f1_score= 0.27353720202263426
------------------------------------------
FC: collusion_P= 0.8 KCDN_percentage= 55 epoch 7
预测串谋工人： [1, 2, 3, 5, 6, 9, 12, 13, 14, 15, 16, 17, 18, 20, 22, 23, 26, 27, 28, 29, 33, 35, 36, 37, 39, 40, 43, 44, 47, 50, 53, 55, 56, 57, 58, 59, 60, 61, 62, 65, 66, 71, 72, 73, 74, 77, 78, 81, 85, 88, 89, 90, 97, 99, 101]
评价窗口1 ： acc pre recall....
TP： 2510 / 4327
FN= 1817 / 4327
FP= 3220 / 3743
TN= 523 / 3743
Accuracy= 0.3758364312267658
Precsion= 0.43804537521815007
Recall= 0.5800785763808644
f1_score= 0.4991548175400219
------------------------------------------
FC: collusion_P= 0.8 KCDN_percentage= 55 epoch 8
预测串谋工人： [1, 5, 6, 7, 8, 9, 10, 11, 15, 16, 17, 19, 20, 22, 23, 24, 25, 26, 27, 28, 31, 34, 36, 37, 38, 39, 40, 43, 44, 45, 47, 48, 49, 50, 52, 53, 54, 55, 56, 58, 59, 60, 63, 67, 70, 71, 78, 79, 87, 90, 91, 93, 94, 95, 107]
评价窗口1 ： acc pre recall....
TP： 3063 / 4670
FN= 1607 / 4670
FP= 2356 / 3400
TN= 1044 / 3400
Accuracy= 0.5089219330855018
Precsion= 0.5652334379036723
Recall= 0.6558886509635974
f1_score= 0.607195955991674
------------------------------------------
FC: collusion_P= 0.8 KCDN_percentage= 55 epoch 9
预测串谋工人： [3, 4, 6, 7, 8, 9, 10, 12, 13, 17, 21, 22, 26, 27, 32, 33, 34, 35, 36, 37, 40, 42, 43, 44, 46, 47, 48, 49, 50, 51, 54, 55, 57, 58, 59, 60, 61, 63, 65, 69, 70, 71, 72, 74, 76, 85, 90, 91, 93, 95, 97, 101, 104, 106, 107]
评价窗口1 ： acc pre recall....
TP： 1482 / 4352
FN= 2870 / 4352
FP= 3277 / 3718
TN= 441 / 3718
Accuracy= 0.2382899628252788
Precsion= 0.31140996007564614
Recall= 0.3405330882352941
f1_score= 0.3253210405004939
------------------------------------------
FC: collusion_P= 0.8 KCDN_percentage= 55 epoch 10
预测串谋工人： [1, 3, 5, 7, 10, 11, 12, 14, 15, 16, 17, 19, 20, 21, 22, 23, 24, 25, 26, 28, 29, 31, 33, 34, 35, 36, 37, 39, 40, 41, 47, 50, 53, 54, 56, 57, 58, 61, 66, 68, 69, 71, 72, 78, 80, 82, 84, 89, 90, 91, 95, 97, 99, 101, 109]
评价窗口1 ： acc pre recall....
TP： 1991 / 3961
FN= 1970 / 3961
FP= 3671 / 4109
TN= 438 / 4109
Accuracy= 0.3009913258983891
Precsion= 0.35164252914164607
Recall= 0.5026508457460237
f1_score= 0.4138002701860127
------------------------------------------
FC: collusion_P= 0.8 KCDN_percentage= 55 epoch 11
预测串谋工人： [1, 2, 3, 8, 9, 10, 12, 13, 16, 17, 18, 21, 22, 23, 24, 25, 26, 28, 29, 31, 32, 33, 34, 35, 37, 41, 43, 49, 51, 53, 54, 55, 57, 58, 61, 63, 66, 72, 75, 77, 80, 81, 83, 86, 87, 88, 90, 93, 94, 95, 96, 97, 101, 104, 106]
评价窗口1 ： acc pre recall....
TP： 2678 / 4063
FN= 1385 / 4063
FP= 2890 / 4007
TN= 1117 / 4007
Accuracy= 0.47026022304832715
Precsion= 0.48096264367816094
Recall= 0.6591188776765936
f1_score= 0.5561208597238085
------------------------------------------
FC: collusion_P= 0.8 KCDN_percentage= 55 epoch 12
预测串谋工人： [1, 3, 9, 10, 11, 12, 15, 16, 17, 18, 19, 20, 21, 22, 25, 27, 28, 29, 31, 32, 36, 37, 39, 43, 44, 45, 46, 48, 49, 51, 54, 55, 57, 58, 61, 62, 63, 66, 67, 68, 69, 72, 73, 78, 79, 80, 83, 84, 85, 91, 93, 96, 101, 102, 106]
评价窗口1 ： acc pre recall....
TP： 2133 / 4705
FN= 2572 / 4705
FP= 2847 / 3365
TN= 518 / 3365
Accuracy= 0.3285006195786865
Precsion= 0.4283132530120482
Recall= 0.4533475026567481
f1_score= 0.4404749612803304
------------------------------------------
FC: collusion_P= 0.8 KCDN_percentage= 55 epoch 13
预测串谋工人： [2, 3, 6, 7, 8, 9, 10, 11, 13, 18, 20, 22, 23, 24, 25, 26, 27, 30, 31, 32, 34, 35, 36, 40, 41, 47, 48, 50, 51, 52, 53, 54, 56, 58, 59, 60, 63, 65, 66, 67, 68, 71, 72, 75, 77, 83, 86, 89, 90, 97, 99, 101, 102, 107, 109]
评价窗口1 ： acc pre recall....
TP： 2624 / 4324
FN= 1700 / 4324
FP= 2483 / 3746
TN= 1263 / 3746
Accuracy= 0.48166047087980174
Precsion= 0.5138045819463481
Recall= 0.606845513413506
f1_score= 0.5564627292969992
------------------------------------------
FC: collusion_P= 0.8 KCDN_percentage= 55 epoch 14
预测串谋工人： [1, 2, 3, 4, 7, 12, 15, 16, 17, 18, 19, 20, 21, 23, 24, 28, 29, 31, 34, 35, 36, 37, 41, 43, 44, 49, 51, 52, 53, 54, 55, 57, 60, 62, 66, 71, 72, 73, 75, 76, 77, 78, 79, 81, 83, 84, 87, 88, 90, 93, 95, 99, 101, 102, 107]
评价窗口1 ： acc pre recall....
TP： 1704 / 3488
FN= 1784 / 3488
FP= 3145 / 4582
TN= 1437 / 4582
Accuracy= 0.3892193308550186
Precsion= 0.3514126624046195
Recall= 0.48853211009174313
f1_score= 0.40878013673983443
------------------------------------------
FC: collusion_P= 0.8 KCDN_percentage= 55 epoch 15
预测串谋工人： [6, 8, 12, 13, 14, 15, 16, 17, 18, 20, 21, 22, 23, 27, 30, 31, 34, 35, 37, 38, 39, 40, 41, 42, 43, 44, 50, 51, 52, 54, 56, 57, 59, 60, 61, 62, 63, 65, 66, 68, 69, 73, 76, 78, 81, 84, 85, 86, 89, 93, 94, 99, 101, 102, 107]
评价窗口1 ： acc pre recall....
TP： 1368 / 3352
FN= 1984 / 3352
FP= 3785 / 4718
TN= 933 / 4718
Accuracy= 0.28513011152416357
Precsion= 0.26547642150203765
Recall= 0.4081145584725537
f1_score= 0.32169312169312164
------------------------------------------
FC: collusion_P= 0.8 KCDN_percentage= 55 epoch 16
预测串谋工人： [1, 3, 5, 6, 14, 15, 17, 18, 20, 22, 23, 25, 26, 27, 29, 31, 33, 34, 36, 37, 39, 41, 45, 47, 48, 52, 53, 54, 56, 57, 59, 62, 63, 66, 67, 69, 71, 74, 75, 77, 78, 79, 80, 81, 84, 85, 88, 89, 90, 91, 93, 95, 97, 99, 106]
评价窗口1 ： acc pre recall....
TP： 1999 / 4679
FN= 2680 / 4679
FP= 2113 / 3391
TN= 1278 / 3391
Accuracy= 0.4060718711276332
Precsion= 0.48613813229571984
Recall= 0.42722804017952554
f1_score= 0.45478330110340126
------------------------------------------
FC: collusion_P= 0.8 KCDN_percentage= 55 epoch 17
预测串谋工人： [1, 3, 5, 9, 10, 13, 15, 16, 18, 19, 23, 24, 25, 26, 27, 28, 29, 30, 34, 35, 36, 40, 41, 42, 43, 44, 45, 49, 50, 52, 53, 54, 57, 58, 61, 62, 63, 65, 70, 73, 78, 81, 83, 84, 85, 88, 89, 90, 93, 95, 97, 99, 101, 102, 104]
评价窗口1 ： acc pre recall....
TP： 2244 / 3637
FN= 1393 / 3637
FP= 2960 / 4433
TN= 1473 / 4433
Accuracy= 0.46059479553903343
Precsion= 0.431206764027671
Recall= 0.6169920263953808
f1_score= 0.5076348829317952
------------------------------------------
FC: collusion_P= 0.8 KCDN_percentage= 55 epoch 18
预测串谋工人： [4, 5, 6, 13, 14, 15, 18, 20, 21, 22, 23, 24, 25, 26, 28, 29, 30, 32, 33, 34, 35, 38, 39, 40, 41, 42, 43, 47, 49, 51, 52, 53, 54, 56, 57, 58, 60, 62, 63, 66, 68, 72, 74, 78, 80, 81, 83, 85, 89, 90, 93, 95, 97, 101, 102]
评价窗口1 ： acc pre recall....
TP： 1830 / 3834
FN= 2004 / 3834
FP= 2884 / 4236
TN= 1352 / 4236
Accuracy= 0.3942998760842627
Precsion= 0.38820534577853205
Recall= 0.47730829420970267
f1_score= 0.42817033224146
------------------------------------------
FC: collusion_P= 0.8 KCDN_percentage= 55 epoch 19
预测串谋工人： [2, 3, 4, 5, 7, 9, 10, 11, 13, 15, 16, 19, 20, 22, 23, 24, 26, 28, 31, 36, 39, 40, 43, 44, 46, 47, 49, 50, 51, 52, 53, 55, 56, 57, 60, 63, 65, 67, 69, 73, 75, 77, 78, 80, 81, 83, 84, 85, 86, 90, 91, 93, 95, 101, 103]
评价窗口1 ： acc pre recall....
TP： 2401 / 4396
FN= 1995 / 4396
FP= 2661 / 3674
TN= 1013 / 3674
Accuracy= 0.4230483271375465
Precsion= 0.4743184512050573
Recall= 0.5461783439490446
f1_score= 0.5077183336857687
------------------------------------------
FC: collusion_P= 0.8 KCDN_percentage= 55 epoch 20
预测串谋工人： [1, 2, 3, 6, 7, 9, 10, 12, 13, 14, 16, 17, 20, 21, 22, 23, 24, 25, 26, 27, 29, 31, 32, 33, 34, 35, 37, 39, 40, 41, 43, 47, 48, 51, 52, 54, 55, 58, 59, 60, 62, 66, 71, 75, 77, 78, 81, 84, 89, 90, 93, 95, 97, 102, 107]
评价窗口1 ： acc pre recall....
TP： 3056 / 3896
FN= 840 / 3896
FP= 3100 / 4174
TN= 1074 / 4174
Accuracy= 0.5117719950433705
Precsion= 0.4964262508122157
Recall= 0.784394250513347
f1_score= 0.6080382013529646
------------------------------------------
FC: collusion_P= 0.8 KCDN_percentage= 55 epoch 21
预测串谋工人： [1, 2, 3, 4, 5, 6, 9, 11, 12, 13, 14, 15, 16, 20, 21, 23, 27, 28, 29, 31, 33, 34, 37, 40, 41, 42, 43, 45, 46, 47, 50, 51, 53, 54, 56, 60, 61, 63, 66, 67, 71, 72, 73, 74, 75, 77, 78, 81, 87, 91, 93, 97, 99, 101, 102]
评价窗口1 ： acc pre recall....
TP： 2269 / 3533
FN= 1264 / 3533
FP= 3509 / 4537
TN= 1028 / 4537
Accuracy= 0.408550185873606
Precsion= 0.39269643475250954
Recall= 0.6422303990942542
f1_score= 0.4873805176672753
------------------------------------------
FC: collusion_P= 0.8 KCDN_percentage= 55 epoch 22
预测串谋工人： [1, 3, 4, 5, 7, 9, 11, 12, 16, 17, 18, 19, 20, 22, 23, 24, 25, 26, 27, 28, 29, 31, 32, 34, 35, 37, 38, 41, 42, 45, 48, 49, 51, 53, 55, 60, 61, 63, 65, 66, 67, 71, 72, 73, 75, 77, 79, 80, 84, 85, 88, 94, 101, 106, 107]
评价窗口1 ： acc pre recall....
TP： 1389 / 3468
FN= 2079 / 3468
FP= 3884 / 4602
TN= 718 / 4602
Accuracy= 0.261090458488228
Precsion= 0.2634174094443391
Recall= 0.4005190311418685
f1_score= 0.3178126072531747
------------------------------------------
FC: collusion_P= 0.8 KCDN_percentage= 55 epoch 23
预测串谋工人： [1, 3, 4, 6, 8, 9, 12, 13, 14, 15, 16, 19, 20, 21, 22, 23, 25, 29, 30, 31, 34, 36, 37, 39, 40, 41, 43, 49, 54, 56, 59, 60, 63, 67, 68, 70, 71, 73, 75, 76, 78, 79, 83, 85, 87, 88, 89, 90, 93, 97, 99, 101, 102, 106, 107]
评价窗口1 ： acc pre recall....
TP： 1643 / 3847
FN= 2204 / 3847
FP= 3793 / 4223
TN= 430 / 4223
Accuracy= 0.25687732342007435
Precsion= 0.30224429727740987
Recall= 0.4270860410709644
f1_score= 0.35398039426909406
------------------------------------------
FC: collusion_P= 0.8 KCDN_percentage= 55 epoch 24
预测串谋工人： [1, 2, 3, 6, 8, 10, 12, 13, 15, 16, 17, 19, 22, 25, 26, 27, 28, 29, 30, 31, 33, 37, 38, 40, 41, 43, 44, 45, 47, 50, 51, 55, 56, 58, 59, 60, 61, 62, 63, 67, 69, 70, 71, 75, 77, 78, 79, 81, 83, 84, 90, 93, 95, 102, 107]
评价窗口1 ： acc pre recall....
TP： 2251 / 4141
FN= 1890 / 4141
FP= 2888 / 3929
TN= 1041 / 3929
Accuracy= 0.40793060718711277
Precsion= 0.4380229616656937
Recall= 0.5435885051919827
f1_score= 0.4851293103448276
------------------------------------------
FC: collusion_P= 0.8 KCDN_percentage= 55 epoch 25
预测串谋工人： [1, 2, 5, 6, 10, 11, 12, 13, 14, 15, 16, 17, 18, 19, 20, 21, 23, 25, 27, 28, 30, 31, 33, 35, 36, 37, 40, 41, 44, 49, 51, 52, 53, 54, 56, 57, 58, 59, 61, 62, 63, 65, 66, 67, 68, 72, 73, 77, 80, 88, 89, 91, 93, 101, 107]
评价窗口1 ： acc pre recall....
TP： 2078 / 4032
FN= 1954 / 4032
FP= 3264 / 4038
TN= 774 / 4038
Accuracy= 0.3534076827757125
Precsion= 0.38899288655934106
Recall= 0.5153769841269841
f1_score= 0.4433539577554939
------------------------------------------
FC: collusion_P= 0.8 KCDN_percentage= 55 epoch 26
预测串谋工人： [1, 3, 5, 6, 8, 9, 11, 12, 13, 15, 16, 18, 20, 23, 24, 25, 26, 27, 29, 31, 32, 33, 34, 35, 37, 39, 40, 48, 49, 52, 53, 55, 57, 58, 59, 60, 61, 67, 68, 70, 71, 72, 73, 75, 76, 79, 85, 87, 88, 90, 91, 94, 99, 101, 107]
评价窗口1 ： acc pre recall....
TP： 2462 / 4452
FN= 1990 / 4452
FP= 2872 / 3618
TN= 746 / 3618
Accuracy= 0.39752168525402726
Precsion= 0.46156730408698915
Recall= 0.5530098831985625
f1_score= 0.5031677907214388
------------------------------------------
FC: collusion_P= 0.8 KCDN_percentage= 55 epoch 27
预测串谋工人： [1, 3, 5, 6, 9, 10, 11, 13, 14, 15, 16, 17, 18, 21, 22, 23, 26, 28, 29, 30, 31, 33, 35, 36, 37, 40, 41, 45, 47, 49, 51, 54, 56, 57, 60, 61, 63, 65, 66, 67, 69, 75, 76, 77, 78, 80, 83, 89, 90, 91, 93, 94, 99, 101, 107]
评价窗口1 ： acc pre recall....
TP： 1589 / 3684
FN= 2095 / 3684
FP= 3756 / 4386
TN= 630 / 4386
Accuracy= 0.27496902106567533
Precsion= 0.29728718428437795
Recall= 0.43132464712269275
f1_score= 0.35197696311883936
------------------------------------------
FC: collusion_P= 0.8 KCDN_percentage= 55 epoch 28
预测串谋工人： [3, 5, 6, 9, 10, 13, 14, 15, 16, 17, 19, 20, 22, 25, 26, 27, 29, 33, 34, 35, 37, 38, 39, 42, 44, 47, 48, 50, 51, 54, 55, 56, 58, 59, 60, 61, 62, 63, 65, 67, 70, 71, 72, 73, 76, 78, 79, 81, 88, 90, 93, 94, 95, 101, 104]
评价窗口1 ： acc pre recall....
TP： 1576 / 4128
FN= 2552 / 4128
FP= 3727 / 3942
TN= 215 / 3942
Accuracy= 0.22193308550185872
Precsion= 0.2971902696586838
Recall= 0.3817829457364341
f1_score= 0.33421694412045383
------------------------------------------
FC: collusion_P= 0.8 KCDN_percentage= 55 epoch 29
预测串谋工人： [1, 2, 4, 5, 6, 8, 9, 15, 16, 19, 20, 22, 25, 26, 28, 29, 30, 31, 32, 36, 37, 38, 39, 41, 42, 43, 45, 46, 47, 48, 52, 54, 55, 56, 57, 58, 59, 63, 65, 67, 71, 72, 73, 77, 79, 81, 83, 85, 86, 90, 93, 94, 101, 102, 103]
评价窗口1 ： acc pre recall....
TP： 1729 / 4595
FN= 2866 / 4595
FP= 2996 / 3475
TN= 479 / 3475
Accuracy= 0.27360594795539034
Precsion= 0.36592592592592593
Recall= 0.376278563656148
f1_score= 0.371030042918455
------------------------------------------
Traceback (most recent call last):
  File "I:\Anaconda\lib\site-packages\IPython\core\interactiveshell.py", line 3418, in run_code
    exec(code_obj, self.user_global_ns, self.user_ns)
  File "<ipython-input-2-b2f033c26bb7>", line 1, in <module>
    runfile('F:/科研实验/Attack/s4_Dog data_1/baseline/CP/utils/CP_detect_55.py', wdir='F:/科研实验/Attack/s4_Dog data_1/baseline/CP/utils')
  File "I:\pycharmP\PyCharm 2021.1.2\plugins\python\helpers\pydev\_pydev_bundle\pydev_umd.py", line 197, in runfile
    pydev_imports.execfile(filename, global_vars, local_vars)  # execute the script
  File "I:\pycharmP\PyCharm 2021.1.2\plugins\python\helpers\pydev\_pydev_imps\_pydev_execfile.py", line 18, in execfile
    exec(compile(contents+"\n", file, 'exec'), glob, loc)
  File "F:/科研实验/Attack/s4_Dog data_1/baseline/CP/utils/CP_detect_55.py", line 530, in <module>
    display_ZB(collusion_P, percentage, 0)
  File "F:/科研实验/Attack/s4_Dog data_1/baseline/CP/utils/CP_detect_55.py", line 510, in display_ZB
    write1.to_csv(save_path, sep=',', index=0)
  File "I:\Anaconda\lib\site-packages\pandas\core\generic.py", line 3170, in to_csv
    formatter.save()
  File "I:\Anaconda\lib\site-packages\pandas\io\formats\csvs.py", line 185, in save
    f, handles = get_handle(
  File "I:\Anaconda\lib\site-packages\pandas\io\common.py", line 493, in get_handle
    f = open(path_or_buf, mode, encoding=encoding, errors=errors, newline="")
FileNotFoundError: [Errno 2] No such file or directory: '../collusion_data/collusion_0.8/KCDN_percentage/collusion_detect_55.csv'
